5000,3000000,0.3739,0,0.9666
5000,3000000,0.3739,10000,0.3646
5000,3000000,0.3739,20000,0.3662
5000,3000000,0.3739,30000,0.3262
5000,3000000,0.3739,40000,0.0
5000,3000000,0.3739,50000,0.0
5000,3000000,0.3739,60000,0.0
5000,3000000,0.3739,70000,0.0
5000,3000000,0.3739,80000,0.0
5000,3000000,0.3739,90000,0.0
5000,3000000,0.3739,100000,0.0
5000,3000000,0.3739,110000,0.0
5000,3000000,0.3739,120000,0.0
5000,3000000,0.3739,130000,0.0
5000,3000000,0.3739,140000,0.0
5000,3000000,0.3739,150000,0.0
5000,3000000,0.3739,160000,0.0
5000,3000000,0.3739,170000,0.0
5000,3000000,0.3739,180000,0.0
5000,3000000,0.3739,190000,0.0
5000,3000000,0.3739,200000,0.0
5000,3000000,0.3739,210000,0.0
5000,3000000,0.3739,220000,0.0
5000,3000000,0.3739,230000,0.0
5000,3000000,0.3739,240000,0.0
5000,3000000,0.3739,250000,0.0
5000,3000000,0.3739,260000,0.0
5000,3000000,0.3739,270000,0.0
5000,3000000,0.3739,280000,0.0
5000,3000000,0.3739,290000,0.0
5000,3000000,0.3739,300000,0.0
5000,3000000,0.3739,310000,0.0
5000,3000000,0.3739,320000,0.0
5000,3000000,0.3739,330000,0.0
5000,3000000,0.3739,340000,0.0
5000,3000000,0.3739,350000,0.0
5000,3000000,0.3739,360000,0.0
5000,3000000,0.3739,370000,0.0
5000,3000000,0.3739,380000,0.0
5000,3000000,0.3739,390000,0.0
5000,3000000,0.3739,400000,0.0
5000,3000000,0.3739,410000,0.0
5000,3000000,0.3739,420000,0.0
5000,3000000,0.3739,430000,0.0
5000,3000000,0.3739,440000,0.0
5000,3000000,0.3739,450000,0.0
5000,3000000,0.3739,460000,0.0
5000,3000000,0.3739,470000,0.0
5000,3000000,0.3739,480000,0.0
5000,3000000,0.3739,490000,0.0
5000,3000000,0.3739,500000,0.0
5000,3000000,0.3739,510000,0.0
5000,3000000,0.3739,520000,0.0
5000,3000000,0.3739,530000,0.0
5000,3000000,0.3739,540000,0.0
5000,3000000,0.3739,550000,0.0
5000,3000000,0.3739,560000,0.0
5000,3000000,0.3739,570000,0.0
5000,3000000,0.3739,580000,0.0
5000,3000000,0.3739,590000,0.0
5000,3000000,0.3739,600000,0.0
5000,3000000,0.3739,610000,0.0
5000,3000000,0.3739,620000,0.0
5000,3000000,0.3739,630000,0.0
5000,3000000,0.3739,640000,0.0
5000,3000000,0.3739,650000,0.0
5000,3000000,0.3739,660000,0.337
5000,3000000,0.3739,670000,0.368
5000,3000000,0.3739,680000,0.2862
5000,3000000,0.3739,690000,0.228
5000,3000000,0.3739,700000,0.205
5000,3000000,0.3739,710000,0.2606
5000,3000000,0.3739,720000,0.1936
5000,3000000,0.3739,730000,0.2864
5000,3000000,0.3739,740000,0.2976
5000,3000000,0.3739,750000,0.2812
5000,3000000,0.3739,760000,0.2814
5000,3000000,0.3739,770000,0.2896
5000,3000000,0.3739,780000,0.205
5000,3000000,0.3739,790000,0.1828
5000,3000000,0.3739,800000,0.2906
5000,3000000,0.3739,810000,0.323
5000,3000000,0.3739,820000,0.2914
5000,3000000,0.3739,830000,0.3152
5000,3000000,0.3739,840000,0.3042
5000,3000000,0.3739,850000,0.227
5000,3000000,0.3739,860000,0.259
5000,3000000,0.3739,870000,0.3386
5000,3000000,0.3739,880000,0.3554
5000,3000000,0.3739,890000,0.3356
5000,3000000,0.3739,900000,0.332
5000,3000000,0.3739,910000,0.2786
5000,3000000,0.3739,920000,0.2286
5000,3000000,0.3739,930000,0.268
5000,3000000,0.3739,940000,0.2746
5000,3000000,0.3739,950000,0.2946
5000,3000000,0.3739,960000,0.2304
5000,3000000,0.3739,970000,0.2888
5000,3000000,0.3739,980000,0.311
5000,3000000,0.3739,990000,0.2072
5000,3000000,0.3739,1000000,0.2828
5000,3000000,0.3739,1010000,0.2844
5000,3000000,0.3739,1020000,0.331
5000,3000000,0.3739,1030000,0.3174
5000,3000000,0.3739,1040000,0.288
5000,3000000,0.3739,1050000,0.2978
5000,3000000,0.3739,1060000,0.4206
5000,3000000,0.3739,1070000,0.2872
5000,3000000,0.3739,1080000,0.2952
5000,3000000,0.3739,1090000,0.3152
5000,3000000,0.3739,1100000,0.416
5000,3000000,0.3739,1110000,0.36
5000,3000000,0.3739,1120000,0.2922
5000,3000000,0.3739,1130000,0.3272
5000,3000000,0.3739,1140000,0.2646
5000,3000000,0.3739,1150000,0.2268
5000,3000000,0.3739,1160000,0.1756
5000,3000000,0.3739,1170000,0.2266
5000,3000000,0.3739,1180000,0.18
5000,3000000,0.3739,1190000,0.2308
5000,3000000,0.3739,1200000,0.195
5000,3000000,0.3739,1210000,0.1532
5000,3000000,0.3739,1220000,0.1318
5000,3000000,0.3739,1230000,0.2066
5000,3000000,0.3739,1240000,0.2068
5000,3000000,0.3739,1250000,0.2118
5000,3000000,0.3739,1260000,0.1226
5000,3000000,0.3739,1270000,0.23
5000,3000000,0.3739,1280000,0.1974
5000,3000000,0.3739,1290000,0.22
5000,3000000,0.3739,1300000,0.203
5000,3000000,0.3739,1310000,0.1704
5000,3000000,0.3739,1320000,0.2136
5000,3000000,0.3739,1330000,0.1974
5000,3000000,0.3739,1340000,0.2254
5000,3000000,0.3739,1350000,0.2222
5000,3000000,0.3739,1360000,0.2786
5000,3000000,0.3739,1370000,0.2904
5000,3000000,0.3739,1380000,0.287
5000,3000000,0.3739,1390000,0.3026
5000,3000000,0.3739,1400000,0.2854
5000,3000000,0.3739,1410000,0.2572
5000,3000000,0.3739,1420000,0.3842
5000,3000000,0.3739,1430000,0.3182
5000,3000000,0.3739,1440000,0.2194
5000,3000000,0.3739,1450000,0.2018
5000,3000000,0.3739,1460000,0.2182
5000,3000000,0.3739,1470000,0.3078
5000,3000000,0.3739,1480000,0.2768
5000,3000000,0.3739,1490000,0.2824
5000,3000000,0.3739,1500000,0.3698
5000,3000000,0.3739,1510000,0.3232
5000,3000000,0.3739,1520000,0.3104
5000,3000000,0.3739,1530000,0.379
5000,3000000,0.3739,1540000,0.3312
5000,3000000,0.3739,1550000,0.3466
5000,3000000,0.3739,1560000,0.254
5000,3000000,0.3739,1570000,0.2936
5000,3000000,0.3739,1580000,0.279
5000,3000000,0.3739,1590000,0.2598
5000,3000000,0.3739,1600000,0.275
5000,3000000,0.3739,1610000,0.2954
5000,3000000,0.3739,1620000,0.3048
5000,3000000,0.3739,1630000,0.3324
5000,3000000,0.3739,1640000,0.2814
5000,3000000,0.3739,1650000,0.1716
5000,3000000,0.3739,1660000,0.2264
5000,3000000,0.3739,1670000,0.2454
5000,3000000,0.3739,1680000,0.308
5000,3000000,0.3739,1690000,0.217
5000,3000000,0.3739,1700000,0.2586
5000,3000000,0.3739,1710000,0.2932
5000,3000000,0.3739,1720000,0.2228
5000,3000000,0.3739,1730000,0.2208
5000,3000000,0.3739,1740000,0.2708
5000,3000000,0.3739,1750000,0.235
5000,3000000,0.3739,1760000,0.2364
5000,3000000,0.3739,1770000,0.1908
5000,3000000,0.3739,1780000,0.2934
5000,3000000,0.3739,1790000,0.312
5000,3000000,0.3739,1800000,0.3104
5000,3000000,0.3739,1810000,0.2952
5000,3000000,0.3739,1820000,0.271
5000,3000000,0.3739,1830000,0.3114
5000,3000000,0.3739,1840000,0.2672
5000,3000000,0.3739,1850000,0.2438
5000,3000000,0.3739,1860000,0.3064
5000,3000000,0.3739,1870000,0.287
5000,3000000,0.3739,1880000,0.256
5000,3000000,0.3739,1890000,0.2294
5000,3000000,0.3739,1900000,0.2514
5000,3000000,0.3739,1910000,0.3296
5000,3000000,0.3739,1920000,0.3082
5000,3000000,0.3739,1930000,0.3162
5000,3000000,0.3739,1940000,0.3438
5000,3000000,0.3739,1950000,0.3692
5000,3000000,0.3739,1960000,0.27
5000,3000000,0.3739,1970000,0.2644
5000,3000000,0.3739,1980000,0.247
5000,3000000,0.3739,1990000,0.327
5000,3000000,0.3739,2000000,0.2562
5000,3000000,0.3739,2010000,0.2874
5000,3000000,0.3739,2020000,0.2184
5000,3000000,0.3739,2030000,0.2624
5000,3000000,0.3739,2040000,0.268
5000,3000000,0.3739,2050000,0.219
5000,3000000,0.3739,2060000,0.23
5000,3000000,0.3739,2070000,0.2228
5000,3000000,0.3739,2080000,0.2418
5000,3000000,0.3739,2090000,0.2588
5000,3000000,0.3739,2100000,0.2944
5000,3000000,0.3739,2110000,0.339
5000,3000000,0.3739,2120000,0.2514
5000,3000000,0.3739,2130000,0.262
5000,3000000,0.3739,2140000,0.2784
5000,3000000,0.3739,2150000,0.2818
5000,3000000,0.3739,2160000,0.2624
5000,3000000,0.3739,2170000,0.3128
5000,3000000,0.3739,2180000,0.3004
5000,3000000,0.3739,2190000,0.3476
5000,3000000,0.3739,2200000,0.2352
5000,3000000,0.3739,2210000,0.3328
5000,3000000,0.3739,2220000,0.2602
5000,3000000,0.3739,2230000,0.2826
5000,3000000,0.3739,2240000,0.262
5000,3000000,0.3739,2250000,0.2152
5000,3000000,0.3739,2260000,0.267
5000,3000000,0.3739,2270000,0.3322
5000,3000000,0.3739,2280000,0.3962
5000,3000000,0.3739,2290000,0.3472
5000,3000000,0.3739,2300000,0.3324
5000,3000000,0.3739,2310000,0.2704
5000,3000000,0.3739,2320000,0.2352
5000,3000000,0.3739,2330000,0.2892
5000,3000000,0.3739,2340000,0.2388
5000,3000000,0.3739,2350000,0.199
5000,3000000,0.3739,2360000,0.2078
5000,3000000,0.3739,2370000,0.201
5000,3000000,0.3739,2380000,0.2878
5000,3000000,0.3739,2390000,0.3042
5000,3000000,0.3739,2400000,0.3412
5000,3000000,0.3739,2410000,0.3478
5000,3000000,0.3739,2420000,0.3342
5000,3000000,0.3739,2430000,0.317
5000,3000000,0.3739,2440000,0.24
5000,3000000,0.3739,2450000,0.3026
5000,3000000,0.3739,2460000,0.2714
5000,3000000,0.3739,2470000,0.2788
5000,3000000,0.3739,2480000,0.3288
5000,3000000,0.3739,2490000,0.3032
5000,3000000,0.3739,2500000,0.1978
5000,3000000,0.3739,2510000,0.2726
5000,3000000,0.3739,2520000,0.3178
5000,3000000,0.3739,2530000,0.3124
5000,3000000,0.3739,2540000,0.3934
5000,3000000,0.3739,2550000,0.309
5000,3000000,0.3739,2560000,0.3728
5000,3000000,0.3739,2570000,0.325
5000,3000000,0.3739,2580000,0.364
5000,3000000,0.3739,2590000,0.3308
5000,3000000,0.3739,2600000,0.3028
5000,3000000,0.3739,2610000,0.3224
5000,3000000,0.3739,2620000,0.2632
5000,3000000,0.3739,2630000,0.23
5000,3000000,0.3739,2640000,0.2872
5000,3000000,0.3739,2650000,0.355
5000,3000000,0.3739,2660000,0.3318
5000,3000000,0.3739,2670000,0.2466
5000,3000000,0.3739,2680000,0.3182
5000,3000000,0.3739,2690000,0.3212
5000,3000000,0.3739,2700000,0.273
5000,3000000,0.3739,2710000,0.2432
5000,3000000,0.3739,2720000,0.2622
5000,3000000,0.3739,2730000,0.1982
5000,3000000,0.3739,2740000,0.1744
5000,3000000,0.3739,2750000,0.2518
5000,3000000,0.3739,2760000,0.2538
5000,3000000,0.3739,2770000,0.2448
5000,3000000,0.3739,2780000,0.2164
5000,3000000,0.3739,2790000,0.2374
5000,3000000,0.3739,2800000,0.28
5000,3000000,0.3739,2810000,0.3406
5000,3000000,0.3739,2820000,0.3568
5000,3000000,0.3739,2830000,0.2722
5000,3000000,0.3739,2840000,0.2566
5000,3000000,0.3739,2850000,0.2812
5000,3000000,0.3739,2860000,0.2676
5000,3000000,0.3739,2870000,0.2362
5000,3000000,0.3739,2880000,0.2642
5000,3000000,0.3739,2890000,0.3298
5000,3000000,0.3739,2900000,0.364
5000,3000000,0.3739,2910000,0.3702
5000,3000000,0.3739,2920000,0.3344
5000,3000000,0.3739,2930000,0.3376
5000,3000000,0.3739,2940000,0.266
5000,3000000,0.3739,2950000,0.2588
5000,3000000,0.3739,2960000,0.2352
5000,3000000,0.3739,2970000,0.2606
5000,3000000,0.3739,2980000,0.2202
5000,3000000,0.3739,2990000,0.2914
