0 0.951799999999927815
1 0.922399999999931053
2 0.903399999999933145
3 0.875599999999936207
4 0.859599999999937969
5 0.837999999999940348
6 0.811399999999943278
7 0.783399999999946361
8 0.763999999999948498
9 0.743799999999950723
10 0.735199999999951670
11 0.716799999999953696
12 0.709199999999954533
13 0.691999999999956428
14 0.677599999999958014
15 0.661199999999959820
16 0.653599999999960657
17 0.641999999999961934
18 0.631199999999963124
19 0.623399999999963983
20 0.613199999999965106
21 0.602999999999966230
22 0.584399999999968278
23 0.576599999999969137
24 0.566999999999970195
25 0.555399999999971472
26 0.541599999999972992
27 0.533799999999973851
28 0.527399999999974556
29 0.520599999999975305
30 0.511799999999976274
31 0.500599999999977507
32 0.496399999999977970
33 0.488799999999978807
34 0.478599999999979930
35 0.476999999999980107
36 0.466199999999981296
37 0.462599999999981693
38 0.456599999999982353
39 0.447599999999983345
40 0.441999999999983961
41 0.438399999999984358
42 0.435599999999984666
43 0.427999999999985503
44 0.416599999999986759
45 0.408199999999987684
46 0.407399999999987772
47 0.402599999999988301
48 0.397199999999988895
49 0.393599999999989292
50 0.389999999999989688
51 0.387199999999989997
52 0.381399999999990635
53 0.375399999999991296
54 0.375399999999991296
55 0.371599999999991715
56 0.365799999999992353
57 0.359999999999992992
58 0.350799999999994006
59 0.342799999999994887
60 0.334599999999995790
61 0.325999999999996737
62 0.321399999999997243
63 0.315999999999997838
64 0.314799999999997970
65 0.309399999999998565
66 0.307199999999998807
67 0.305599999999998984
68 0.305399999999999006
69 0.304199999999999138
70 0.299599999999999644
71 0.294200000000000239
72 0.287400000000000988
73 0.278600000000001957
74 0.276000000000002244
75 0.268600000000003059
76 0.267200000000003213
77 0.270000000000002904
78 0.272000000000002684
79 0.271400000000002750
80 0.266800000000003257
81 0.264200000000003543
82 0.256000000000004446
83 0.252600000000004821
84 0.250200000000005085
85 0.242800000000004901
86 0.236600000000004723
87 0.238000000000004763
88 0.228600000000004494
89 0.224200000000004368
90 0.222000000000004305
91 0.225000000000004391
92 0.223000000000004334
93 0.222400000000004316
94 0.219000000000004219
95 0.216000000000004133
96 0.218800000000004213
97 0.213600000000004064
98 0.211000000000003990
99 0.210000000000003961
100 0.210800000000003984
101 0.206600000000003864
102 0.203400000000003772
103 0.203600000000003778
104 0.199400000000003658
105 0.191400000000003429
106 0.193200000000003480
107 0.193000000000003474
108 0.186600000000003291
109 0.178200000000003050
110 0.178800000000003068
111 0.176000000000002987
112 0.175800000000002982
113 0.178200000000003050
114 0.176200000000002993
115 0.170600000000002833
116 0.168000000000002758
117 0.164000000000002644
118 0.164200000000002649
119 0.162400000000002598
120 0.160600000000002546
121 0.159800000000002523
122 0.155000000000002386
123 0.149600000000002231
124 0.148200000000002191
125 0.147800000000002180
126 0.141600000000002002
127 0.142000000000002014
128 0.140000000000001956
129 0.135600000000001830
130 0.136800000000001865
131 0.138400000000001910
132 0.133000000000001756
133 0.132400000000001739
134 0.131000000000001698
135 0.129200000000001647
136 0.127600000000001601
137 0.123800000000001492
138 0.119800000000001378
139 0.118000000000001326
140 0.114600000000001229
141 0.111200000000001131
142 0.109400000000001080
143 0.108600000000001057
144 0.112800000000001177
145 0.111600000000001143
146 0.110200000000001103
147 0.107200000000001017
148 0.104200000000000931
149 0.103400000000000908
150 0.098600000000000770
151 0.095400000000000679
152 0.092600000000000598
153 0.091200000000000558
154 0.086200000000000415
155 0.087400000000000450
156 0.088000000000000467
157 0.085400000000000392
158 0.086400000000000421
159 0.082200000000000301
160 0.079600000000000226
161 0.081800000000000289
162 0.081200000000000272
163 0.080200000000000243
164 0.081600000000000283
165 0.079200000000000215
166 0.076800000000000146
167 0.075800000000000117
168 0.077200000000000157
169 0.077200000000000157
170 0.074400000000000077
171 0.069799999999999945
172 0.069999999999999951
173 0.069399999999999934
174 0.068999999999999923
175 0.066399999999999848
176 0.068199999999999900
177 0.068999999999999923
178 0.068399999999999905
179 0.065199999999999814
180 0.065999999999999837
181 0.067999999999999894
182 0.065399999999999819
183 0.066799999999999859
184 0.066199999999999842
185 0.064599999999999796
186 0.063199999999999756
187 0.062799999999999745
188 0.061999999999999736
189 0.061799999999999737
190 0.058599999999999756
191 0.058199999999999759
192 0.059399999999999752
193 0.059999999999999748
194 0.057999999999999760
195 0.057599999999999763
196 0.056399999999999770
197 0.054399999999999782
198 0.056399999999999770
199 0.055599999999999775
200 0.056399999999999770
201 0.055199999999999777
202 0.053399999999999788
203 0.053399999999999788
204 0.052399999999999794
205 0.052599999999999793
206 0.051399999999999800
207 0.049399999999999812
208 0.052599999999999793
209 0.052199999999999795
210 0.049599999999999811
211 0.048399999999999818
212 0.049999999999999808
213 0.048999999999999815
214 0.047399999999999824
215 0.047999999999999821
216 0.047399999999999824
217 0.044999999999999839
218 0.041799999999999858
219 0.040399999999999867
220 0.037999999999999881
221 0.037199999999999886
222 0.036399999999999891
223 0.035599999999999896
224 0.034799999999999900
225 0.034199999999999904
226 0.033799999999999907
227 0.033399999999999909
228 0.033599999999999908
229 0.033799999999999907
230 0.032399999999999915
231 0.032399999999999915
232 0.032199999999999916
233 0.033599999999999908
234 0.032399999999999915
235 0.031799999999999919
236 0.030599999999999926
237 0.029399999999999933
238 0.030999999999999923
239 0.032199999999999916
240 0.031199999999999922
241 0.030199999999999928
242 0.030599999999999926
243 0.030399999999999927
244 0.029799999999999931
245 0.029199999999999934
246 0.027799999999999943
247 0.028799999999999937
248 0.029999999999999930
249 0.028199999999999940
250 0.028599999999999938
251 0.025199999999999959
252 0.024399999999999963
253 0.024999999999999960
254 0.024599999999999962
255 0.025199999999999959
256 0.024399999999999963
257 0.023799999999999967
258 0.024999999999999960
259 0.025399999999999957
260 0.024399999999999963
261 0.024799999999999961
262 0.024599999999999962
263 0.024999999999999960
264 0.024999999999999960
265 0.024199999999999965
266 0.022999999999999972
267 0.021399999999999982
268 0.021199999999999983
269 0.022199999999999977
270 0.021799999999999979
271 0.022599999999999974
272 0.023399999999999969
273 0.021199999999999983
274 0.022399999999999975
275 0.022999999999999972
276 0.022799999999999973
277 0.021999999999999978
278 0.022999999999999972
279 0.022799999999999973
280 0.022599999999999974
281 0.022399999999999975
282 0.022399999999999975
283 0.021999999999999978
284 0.021999999999999978
285 0.020799999999999985
286 0.019799999999999991
287 0.019799999999999991
288 0.019399999999999994
289 0.018799999999999997
290 0.019399999999999994
291 0.018799999999999997
292 0.018799999999999997
293 0.019199999999999995
294 0.019599999999999992
295 0.020199999999999989
296 0.020799999999999985
297 0.020599999999999986
298 0.019999999999999990
299 0.019999999999999990
300 0.019999999999999990
301 0.019399999999999994
302 0.018599999999999998
303 0.018999999999999996
304 0.018400000000000000
305 0.020399999999999988
306 0.020399999999999988
307 0.019599999999999992
308 0.018599999999999998
309 0.018400000000000000
310 0.017600000000000005
311 0.018599999999999998
312 0.018200000000000001
313 0.017800000000000003
314 0.018799999999999997
315 0.018400000000000000
316 0.018400000000000000
317 0.018400000000000000
318 0.019399999999999994
319 0.020199999999999989
320 0.019799999999999991
321 0.018000000000000002
322 0.017000000000000008
323 0.016400000000000012
324 0.016800000000000009
325 0.017200000000000007
326 0.018200000000000001
327 0.018999999999999996
328 0.018599999999999998
329 0.017400000000000006
330 0.016200000000000013
331 0.015400000000000014
332 0.015600000000000015
333 0.015200000000000014
334 0.015400000000000014
335 0.016000000000000014
336 0.013800000000000010
337 0.014000000000000011
338 0.014000000000000011
339 0.014000000000000011
340 0.013200000000000009
341 0.013600000000000010
342 0.013400000000000009
343 0.011400000000000004
344 0.012600000000000007
345 0.012400000000000007
346 0.012800000000000008
347 0.012400000000000007
348 0.011800000000000005
349 0.011600000000000004
350 0.011400000000000004
351 0.011000000000000003
352 0.009800000000000000
353 0.011600000000000004
354 0.012000000000000005
355 0.011800000000000005
356 0.011400000000000004
357 0.011000000000000003
358 0.011800000000000005
359 0.011600000000000004
360 0.010800000000000002
361 0.010400000000000001
362 0.010800000000000002
363 0.008799999999999997
364 0.008599999999999997
365 0.008799999999999997
366 0.008399999999999996
367 0.008399999999999996
368 0.007999999999999995
369 0.006799999999999996
370 0.006599999999999996
371 0.006199999999999997
372 0.006999999999999996
373 0.006399999999999997
374 0.006599999999999996
375 0.006999999999999996
376 0.006599999999999996
377 0.006799999999999996
378 0.006999999999999996
379 0.007799999999999994
380 0.007599999999999995
381 0.007799999999999994
382 0.007799999999999994
383 0.007599999999999995
384 0.007399999999999995
385 0.006799999999999996
386 0.006999999999999996
387 0.007199999999999995
388 0.007999999999999995
389 0.008799999999999997
390 0.008599999999999997
391 0.008399999999999996
392 0.007199999999999995
393 0.007199999999999995
394 0.007799999999999994
395 0.008199999999999995
396 0.008999999999999998
397 0.008399999999999996
398 0.008399999999999996
399 0.008599999999999997
400 0.008599999999999997
401 0.007599999999999995
402 0.007399999999999995
403 0.007599999999999995
404 0.007199999999999995
405 0.007799999999999994
406 0.007399999999999995
407 0.006799999999999996
408 0.007799999999999994
409 0.007799999999999994
410 0.007599999999999995
411 0.007399999999999995
412 0.007399999999999995
413 0.007399999999999995
414 0.006399999999999997
415 0.006599999999999996
416 0.006199999999999997
417 0.006199999999999997
418 0.006399999999999997
419 0.005999999999999998
420 0.005799999999999998
421 0.005799999999999998
422 0.006199999999999997
423 0.005399999999999999
424 0.004999999999999999
425 0.005599999999999998
426 0.005599999999999998
427 0.005799999999999998
428 0.005799999999999998
429 0.004999999999999999
430 0.004600000000000000
431 0.004400000000000000
432 0.004400000000000000
433 0.004200000000000001
434 0.004400000000000000
435 0.004200000000000001
436 0.004200000000000001
437 0.003800000000000001
438 0.002800000000000001
439 0.002600000000000001
440 0.004000000000000001
441 0.004200000000000001
442 0.004400000000000000
443 0.004400000000000000
444 0.004200000000000001
445 0.004800000000000000
446 0.004600000000000000
447 0.004600000000000000
448 0.004400000000000000
449 0.003800000000000001
450 0.003800000000000001
451 0.004000000000000001
452 0.004000000000000001
453 0.003000000000000001
454 0.003000000000000001
455 0.003200000000000001
456 0.003000000000000001
457 0.002400000000000001
458 0.002400000000000001
459 0.002600000000000001
460 0.002600000000000001
461 0.002600000000000001
462 0.002600000000000001
463 0.002800000000000001
464 0.002600000000000001
465 0.002600000000000001
466 0.002600000000000001
467 0.002200000000000001
468 0.002000000000000000
469 0.001800000000000000
470 0.001400000000000000
471 0.001400000000000000
472 0.001400000000000000
473 0.001200000000000000
