5000,2000000,0.375,0,0.9658
5000,2000000,0.375,5000,0.3406
5000,2000000,0.375,10000,0.2064
5000,2000000,0.375,15000,0.1812
5000,2000000,0.375,20000,0.125
5000,2000000,0.375,25000,0.1218
5000,2000000,0.375,30000,0.0878
5000,2000000,0.375,35000,0.0432
5000,2000000,0.375,40000,0.0344
5000,2000000,0.375,45000,0.0214
5000,2000000,0.375,50000,0.0272
5000,2000000,0.375,55000,0.0086
5000,2000000,0.375,60000,0.0254
5000,2000000,0.375,65000,0.009
5000,2000000,0.375,70000,0.0142
5000,2000000,0.375,75000,0.021
5000,2000000,0.375,80000,0.0316
5000,2000000,0.375,85000,0.048
5000,2000000,0.375,90000,0.034
5000,2000000,0.375,95000,0.0556
5000,2000000,0.375,100000,0.0484
5000,2000000,0.375,105000,0.0226
5000,2000000,0.375,110000,0.0112
5000,2000000,0.375,115000,0.0294
5000,2000000,0.375,120000,0.0288
5000,2000000,0.375,125000,0.009
5000,2000000,0.375,130000,0.0184
5000,2000000,0.375,135000,0.0166
5000,2000000,0.375,140000,0.017
5000,2000000,0.375,145000,0.0292
5000,2000000,0.375,150000,0.0
